Andromeda 1161 3561 2065 4233
Andromeda 140 2908 655 3086
Andromeda 23031 4233 23626 4644
Andromeda 23626 4644 946 3850
Andromeda 615 3371 140 2908
Andromeda 655 3086 1161 3561
Andromeda 946 3850 1158 4725
Andromeda 946 3850 615 3371
Antlia 10453 -3106 10945 -3713
Antlia 10453 -3106 9486 -3595
Apus 14798 -7905 16448 -7873
Apus 16338 -7870 16558 -7889
Apus 16338 -7870 16718 -7751
Apus 16558 -7889 16718 -7751
Aquila 18993 1506 19090 1386
Aquila 19028 -573 19103 -488
Aquila 19090 1386 19771 1061
Aquila 19103 -488 19425 311
Aquila 19425 311 19771 1061
Aquila 19611 -128 19103 -488
Aquila 19771 1061 19846 886
Aquila 19846 886 19921 640
Aquila 19874 100 19611 -128
Aquila 19921 640 20188 -81
Aquila 20188 -81 19874 100
Aquarius 20794 -949 21526 -556
Aquarius 21526 -556 22055 -215
Aquarius 22055 -215 22361 -138
Aquarius 22361 -138 22479 -1
Aquarius 22479 -1 22421 138
Aquarius 22479 -1 22590 -11
Aquarius 22479 -1 22876 -758
Aquarius 22826 -1359 22910 -1581
Aquarius 22876 -758 22826 -1359
Aquarius 22910 -1581 23156 -2116
Aquarius 23156 -2116 23433 -2064
Aquarius 23238 -605 22876 -758
Aquarius 23316 -961 23238 -605
Aquarius 23433 -2064 23766 -1868
Aquarius 23711 -1454 23316 -961
Aquarius 23766 -1868 23711 -1454
Ara 16976 -5598 16830 -5903
Ara 16976 -5598 16993 -5316
Ara 17421 -5553 16976 -5598
Ara 17421 -5553 17423 -5638
Ara 17423 -5638 17518 -6068
Ara 17529 -4988 17421 -5553
Ara 18109 -5010 17529 -4988
Aries  1891 1929 1910 2079
Aries  1910 2079 2119 2346
Aries  2119 2346 3193 1973
Auriga 4949 3316 5108 4123
Auriga 5108 4123 5278 4599
Auriga 5278 4599 5991 5428
Auriga 5438 2860 4949 3316
Auriga 5991 4495 5278 4599
Auriga 5991 4495 5994 3721
Auriga 5991 5428 5998 4593
Auriga 5994 3721 5438 2860
Auriga 5998 4593 5991 4495
Bootes 13911 1839 13825 1579
Bootes 14261 1918 13911 1839
Bootes 14261 1918 14529 3036
Bootes 14261 1918 14684 1373
Bootes 14273 4608 14420 5184
Bootes 14529 3036 14534 3830
Bootes 14534 3830 14273 4608
Bootes 14534 3830 15031 4038
Bootes 14750 2706 14261 1918
Bootes 15031 4038 15258 3331
Bootes 15258 3331 14750 2706
Caelum 4513 -4494 4676 -4186
Caelum 4676 -4186 4701 -3714
Caelum 4701 -3714 5073 -3548
Camelopardalis 3840 7133 4899 6635
Camelopardalis 4899 6635 5056 6044
Camelopardalis 4899 6635 6213 6571
Camelopardalis 5056 6044 4954 5375
Camelopardalis 6213 6571 6895 6888
Capricornus 20293 -1249 20349 -1478
Capricornus 20349 -1478 20768 -2526
Capricornus 20768 -2526 20863 -2691
Capricornus 20863 -2691 21118 -2500
Capricornus 21098 -1723 20301 -1254
Capricornus 21118 -2500 21444 -2241
Capricornus 21370 -1683 21098 -1723
Capricornus 21444 -2241 21618 -1946
Capricornus 21618 -1946 21783 -1613
Capricornus 21668 -1666 21370 -1683
Capricornus 21783 -1613 21668 -1666
Carina 10228 -7003 9219 -6971
Carina 10456 -5763 10533 -6168
Carina 10533 -6168 10716 -6440
Carina 10716 -6440 10228 -7003
Carina 6399 -5270 7946 -5298
Carina 7946 -5298 8374 -5951
Carina 8374 -5951 9183 -5896
Carina 8374 -5951 9368 -5501
Carina 9219 -6971 9785 -6506
Carina 9285 -5928 10456 -5763
Carina 9785 -6506 9285 -5928
Cassiopeia 1430 6023 1906 6366
Cassiopeia 153 5914 675 5653
Cassiopeia 675 5653 944 6071
Cassiopeia 944 6071 1430 6023
Centaurus 11350 -5448 12140 -5071
Centaurus 11596 -6301 11350 -5448
Centaurus 12140 -5071 12691 -4896
Centaurus 12691 -4896 13343 -3671
Centaurus 13343 -3671 14111 -3636
Centaurus 13664 -5346 12691 -4896
Centaurus 13664 -5346 14063 -6036
Centaurus 13924 -4728 13664 -5346
Centaurus 14063 -6036 14659 -6083
Centaurus 14111 -3636 14591 -4214
Centaurus 14591 -4214 13924 -4728
Centaurus 14591 -4214 14986 -4209
Cepheus 21310 6258 22181 5820
Cepheus 21478 7056 21310 6258
Cepheus 21478 7056 22828 6620
Cepheus 22181 5820 22828 6620
Cepheus 22828 6620 23655 7763
Cepheus 23655 7763 21478 7056
Cetus 1143 -1018 1399 -818
Cetus 1399 -818 1858 -1033
Cetus 1734 -1593 2000 -2108
Cetus 1858 -1033 1734 -1593
Cetus 1858 -1033 2321 -298
Cetus 1858 -1033 2734 -1386
Cetus 2321 -298 2658 33
Cetus 2470 846 2721 323
Cetus 2658 33 2721 323
Cetus 2721 323 3038 408
Cetus 2748 1011 2470 846
Cetus 2995 889 2748 1011
Cetus 3038 408 2995 889
Cetus 323 -881 726 -1798
Cetus 726 -1798 1143 -1018
Circinus 14708 -6498 15291 -5879
Circinus 14708 -6498 15389 -5931
CanisMajor 6751 -1671 6378 -1795
CanisMajor 6751 -1671 7049 -2383
CanisMajor 6976 -2896 6338 -3006
CanisMajor 7028 -2793 6976 -2896
CanisMajor 7049 -2383 7140 -2639
CanisMajor 7063 -1563 6751 -1671
CanisMajor 7140 -2639 7028 -2793
CanisMajor 7140 -2639 7401 -2930
CanisMinor 7654 521 7451 828
Cancer  8721 2146 8778 2876
Cancer  8744 1814 8275 918
Cancer  8744 1814 8721 2146
Cancer  8974 1185 8744 1814
Columba 5520 -3546 5660 -3406
Columba 5660 -3406 5849 -3576
Columba 5849 -3576 5958 -3528
Columba 5849 -3576 5985 -4281
Columba 5958 -3528 6368 -3343
Crater  10996 -1829 10826 -1619
Crater  10996 -1829 11368 -1622
Crater  11195 -2283 10996 -1829
Crater  11321 -1478 11409 -1086
Crater  11409 -1086 11611 -980
Crater  11414 -1768 11321 -1478
Crater  11746 -1834 11414 -1768
Crater  11933 -1714 11746 -1834
Crater  18558 -4231 18813 -4368
Crater  18813 -4368 19051 -4209
Crater  19051 -4209 19138 -4050
Crater  19106 -3706 18978 -3710
Crater  19138 -4050 19166 -3933
Crater  19158 -3789 19106 -3706
Crater  19166 -3933 19158 -3789
Crux 12519 -5711 12443 -6309
Crux 12794 -5968 12251 -5875
Corvus 12140 -2473 12168 -2261
Corvus 12168 -2261 12573 -2340
Corvus 12263 -1755 12168 -2261
Corvus 12498 -1651 12263 -1755
Corvus 12573 -2340 12498 -1651
CanisVenatici 12933 3831 12561 4135
CanisVenatici 12933 3831 13291 4056
Cygnus 19938 3508 19511 2796
Cygnus 20370 4025 19750 4513
Cygnus 20370 4025 19938 3508
Cygnus 20370 4025 20770 3396
Cygnus 20690 4528 20370 4025
Delphinus 20625 1460 20553 1129
Delphinus 20625 1460 20660 1591
Delphinus 20660 1591 20778 1611
Delphinus 20725 1506 20625 1460
Delphinus 20778 1611 20725 1506
Dorado 4566 -5504 4266 -5148
Dorado 5560 -6248 4566 -5504
Dorado 5746 -6573 5560 -6248
Draco 12558 6978 11523 6933
Draco 14073 6438 12558 6978
Draco 15414 5896 14073 6438
Draco 16031 5856 15414 5896
Draco 16399 6151 16031 5856
Draco 17146 6571 16399 6151
Draco 17146 6571 18346 7133
Draco 17506 5230 17536 5518
Draco 17536 5518 17891 5686
Draco 17891 5686 17943 5148
Draco 17891 5686 18853 5938
Draco 17943 5148 17506 5230
Draco 18346 7133 19209 6766
Draco 18351 7273 17146 6571
Draco 18853 5938 20046 6786
Draco 19209 6766 19344 6571
Draco 19258 7334 18351 7273
Draco 19344 6571 17891 5686
Draco 19803 7026 19258 7334
Draco 20046 6786 19803 7026
Equuleus 21241 999 21171 1013
Equuleus 21263 525 21241 999
Eridanus 1628 -5723 1933 -5161
Eridanus 1933 -5161 2274 -5151
Eridanus 2274 -5151 2449 -4769
Eridanus 2449 -4769 2663 -4288
Eridanus 2663 -4288 2678 -3985
Eridanus 2678 -3985 2971 -4029
Eridanus 2734 -1386 2939 -890
Eridanus 2751 -1856 2734 -1386
Eridanus 2751 -1856 3040 -2361
Eridanus 2939 -890 3263 -881
Eridanus 2971 -4029 3713 -3731
Eridanus 3040 -2361 3324 -2175
Eridanus 3263 -881 3548 -944
Eridanus 3324 -2175 3563 -2163
Eridanus 3548 -944 3719 -976
Eridanus 3563 -2163 3779 -2324
Eridanus 3719 -976 3768 -1210
Eridanus 3768 -1210 3966 -1351
Eridanus 3779 -2324 3895 -2461
Eridanus 3810 -3761 3713 -3731
Eridanus 3895 -2461 3998 -2401
Eridanus 3966 -1351 4225 -725
Eridanus 3998 -2401 4558 -2976
Eridanus 4225 -725 4604 -335
Eridanus 4298 -3380 3810 -3761
Eridanus 4400 -3401 4298 -3380
Eridanus 4558 -2976 4593 -3056
Eridanus 4593 -3056 4400 -3401
Eridanus 4604 -335 4758 -325
Eridanus 4758 -325 5130 -508
Gemini 6248 2249 6068 2326
Gemini 6383 2251 6248 2249
Gemini 6628 1640 7068 2056
Gemini 6731 2513 6383 2251
Gemini 6755 1290 6628 1640
Gemini 7068 2056 7334 2198
Gemini 7334 2198 7755 2803
Gemini 7576 3188 6731 2513
Gemini 7755 2803 7576 3188
Grus 21898 -3736 22101 -3955
Grus 22101 -3955 22260 -4135
Grus 22260 -4135 22488 -4350
Grus 22488 -4350 22136 -4696
Grus 22488 -4350 22711 -4688
Grus 22711 -4688 22810 -5131
Grus 22711 -4688 23173 -4525
Grus 22810 -5131 23015 -5274
Grus 23173 -4525 23114 -4351
Hercules 16146 4493 15878 4244
Hercules 16328 4631 16146 4493
Hercules 16503 2148 16365 1914
Hercules 16568 4243 16328 4631
Hercules 16688 3159 16503 2148
Hercules 16688 3159 16714 3891
Hercules 16714 3891 16568 4243
Hercules 16714 3891 17250 3681
Hercules 17005 3093 16688 3159
Hercules 17243 1438 17250 2483
Hercules 17250 2483 17005 3093
Hercules 17250 2483 17511 2611
Hercules 17250 3681 17005 3093
Hercules 17250 3681 17394 3714
Hercules 17250 3681 17658 4600
Hercules 17394 3714 17938 3725
Hercules 17511 2611 17774 2771
Hercules 17774 2771 17963 2925
Hercules 17963 2925 18124 2876
Horologium 2623 -5254 2678 -5455
Horologium 2678 -5455 3060 -5973
Horologium 2710 -5079 2623 -5254
Horologium 3060 -5973 2979 -6406
Horologium 4233 -4230 2710 -5079
Hydra 10084 -1306 9858 -1484
Hydra 10176 -1235 10084 -1306
Hydra 10435 -1683 10176 -1235
Hydra 10826 -1619 10435 -1683
Hydra 11549 -3184 10826 -1619
Hydra 11881 -3389 11549 -3184
Hydra 13314 -2316 11881 -3389
Hydra 14106 -2668 13314 -2316
Hydra 8628 570 8646 333
Hydra 8646 333 8719 339
Hydra 8719 339 8923 595
Hydra 8779 641 8628 570
Hydra 8923 595 8779 641
Hydra 9239 231 8923 595
Hydra 9460 -866 9664 -115
Hydra 9664 -115 9239 231
Hydra 9858 -1484 9460 -866
HYI 1980 -6156 430 -7724
HYI 2660 -6826 1980 -6156
HYI 3786 -7423 2660 -6826
HYI 430 -7724 3786 -7423
Indus 20626 -4728 21331 -5344
Indus 21331 -5344 20913 -5844
Indus 21331 -5344 21965 -5500
Lacerta 22349 4653 22674 4428
Lacerta 22393 5223 22521 5028
Lacerta 22408 4948 22491 4769
Lacerta 22491 4769 22349 4653
Lacerta 22521 5028 22408 4948
Lacerta 22674 4428 22266 3775
Leo 10121 1676 10333 1985
Leo 10140 1196 10121 1676
Leo 10278 2341 9880 2600
Leo 10333 1985 10278 2341
Leo 11235 2051 11236 1543
Leo 11236 1543 10140 1196
Leo 11236 1543 11818 1456
Leo 11818 1456 11235 2051
Leo 9880 2600 9764 2376
Lepus 5469 -2076 5091 -2236
Lepus 5469 -2076 5741 -2244
Lepus 5545 -1781 5214 -1619
Lepus 5545 -1781 5469 -2076
Lepus 5741 -2244 5855 -2088
Lepus 5783 -1481 5545 -1781
Lepus 5855 -2088 5545 -1781
Lepus 5939 -1416 5783 -1481
Libra 14848 -1605 15283 -938
Libra 15068 -2528 14848 -1605
Libra 15068 -2528 15616 -2813
Libra 15283 -938 15591 -1478
Libra 15591 -1478 15068 -2528
Libra 15616 -2813 15644 -2978
LeoMinor 10464 3670 10123 3525
LeoMinor 10464 3670 10888 3421
Lupus 14698 -4738 15205 -5210
Lupus 14974 -4313 14698 -4738
Lupus 15205 -5210 15378 -4468
Lupus 15356 -4064 14974 -4313
Lupus 15363 -3626 15356 -4064
Lupus 15378 -4468 15584 -4116
Lupus 15686 -4466 15584 -4116
Lupus 15850 -3363 15363 -3626
Lupus 16110 -3680 15686 -4466
Lupus 16110 -3680 15850 -3363
Lynx 6326 5901 6955 5841
Lynx 6955 5841 7444 4921
Lynx 7444 4921 8141 5150
Lynx 8141 5150 8380 4318
Lynx 9313 3680 8380 4318
Lynx 9351 3439 9313 3680
Lyra 18615 3878 18738 3966
Lyra 18615 3878 18746 3759
Lyra 18746 3759 18834 3336
Lyra 18834 3336 18981 3268
Lyra 18908 3690 18746 3759
Lyra 18981 3268 18908 3690
Mensa 4919 -7493 5045 -7131
Mensa 5531 -7633 4919 -7493
Mensa 6170 -7474 5531 -7633
Microscopium 20833 -3378 21021 -3225
Microscopium 21021 -3225 21298 -3216
Microscopium 21298 -3216 21346 -4081
Monoceros 6480 -703 6248 -626
Monoceros 7198 -50 6480 -703
Monoceros 7686 -955 7198 -50
Monoceros 8143 -298 7686 -955
Musca 11759 -6673 12293 -6796
Musca 12293 -6796 12620 -6913
Musca 12541 -7213 13038 -7155
Musca 12620 -6913 12541 -7213
Musca 12771 -6810 12620 -6913
Musca 13038 -7155 12771 -6810
Norma 16053 -4923 16330 -5015
Norma 16108 -4516 16053 -4923
Norma 16330 -5015 16453 -4755
Norma 16453 -4755 16108 -4516
Octans 14448 -8366 21691 -7738
Octans 21691 -7738 22768 -8138
Octans 22768 -8138 14448 -8366
Ophiuchus 16238 -370 16304 -469
Ophiuchus 16304 -469 16619 -1056
Ophiuchus 16514 198 16238 -370
Ophiuchus 16619 -1056 17173 -1571
Ophiuchus 16961 938 16514 198
Ophiuchus 17173 -1571 17798 270
Ophiuchus 17581 1256 16961 938
Ophiuchus 17724 456 17581 1256
Ophiuchus 17798 270 17724 456
Ophiuchus 17798 270 18009 293
Ophiuchus 18009 293 18091 250
Orion 4830 696 4843 889
Orion 4843 889 4875 1425
Orion 4853 560 4830 696
Orion 4904 243 4853 560
Orion 4975 171 4904 243
Orion 5241 -819 5796 -966
Orion 5293 -685 5241 -819
Orion 5418 635 4975 171
Orion 5418 635 5533 -29
Orion 5533 -29 5293 -685
Orion 5579 948 5418 635
Orion 5680 -195 5919 740
Orion 5796 -966 5680 -195
Orion 5919 740 5579 948
Orion 5919 740 6040 965
Orion 6040 965 6126 1476
Orion 6040 965 6198 1421
Orion 6126 1476 5906 2028
Orion 6198 1421 6064 2013
Pavo 17761 -6471 18716 -7143
Pavo 18716 -7143 20010 -7291
Pavo 20010 -7291 20750 -6620
Pavo 20144 -6618 17761 -6471
Pavo 20426 -5673 20750 -6620
Pavo 20750 -6620 20144 -6618
Pavo 20750 -6620 21439 -6536
Pegasus 140 2908 220 1518
Pegasus 220 1518 23079 1520
Pegasus 22116 2534 21743 2565
Pegasus 22170 620 21736 988
Pegasus 22691 1083 22170 620
Pegasus 22716 3021 22166 3318
Pegasus 22774 2356 22116 2534
Pegasus 22778 1216 22691 1083
Pegasus 22833 2460 22774 2356
Pegasus 23063 2808 140 2908
Pegasus 23063 2808 22716 3021
Pegasus 23063 2808 22833 2460
Pegasus 23079 1520 22778 1216
Pegasus 23079 1520 23063 2808
Perseus 2844 5589 2904 5276
Perseus 2844 5589 3080 5350
Perseus 2904 5276 3151 4961
Perseus 3080 5350 3404 4986
Perseus 3136 4094 3086 3883
Perseus 3151 4961 3158 4484
Perseus 3158 4484 3136 4094
Perseus 3404 4986 3714 4778
Perseus 3714 4778 3753 4258
Perseus 3714 4778 4145 4771
Perseus 3753 4258 3965 4001
Perseus 3901 3188 3738 3228
Perseus 3965 4001 3983 3578
Perseus 3983 3578 3901 3188
Perseus 4145 4771 4248 4841
Perseus 4248 4841 4110 5035
Phoenix 1101 -4671 1521 -4906
Phoenix 1101 -4671 438 -4230
Phoenix 1139 -5525 1101 -4671
Phoenix 1473 -4331 1101 -4671
Phoenix 1521 -4906 1473 -4331
Phoenix 438 -4230 156 -4574
Pictor 5830 -5616 5788 -5106
Pictor 6803 -6193 5830 -5616
PiscesAustrinus 21748 -3303 22139 -3298
PiscesAustrinus 22139 -3298 22524 -3234
PiscesAustrinus 22524 -3234 22875 -3288
PiscesAustrinus 22875 -3288 22931 -3253
PiscesAustrinus 22931 -3253 22960 -2961
PiscesAustrinus 22960 -2961 22678 -2705
PiscesAustrinus 22960 -2961 23156 -2116
Pisces 1048 788 811 758
Pisces 1228 2458 1325 2726
Pisces 1325 2726 1194 3008
Pisces 1525 1535 1228 2458
Pisces 1690 548 1048 788
Pisces 1756 915 1525 1535
Pisces 2033 276 1690 548
Pisces 2033 276 1756 915
Pisces 23286 328 23064 381
Pisces 23286 328 23466 638
Pisces 23448 125 23286 328
Pisces 23466 638 23665 563
Pisces 23665 563 23700 178
Pisces 23700 178 23448 125
Pisces 23988 686 23665 563
Pisces 811 758 23988 686
Puppis 6629 -4320 6831 -5061
Puppis 6831 -5061 7256 -4398
Puppis 7256 -4398 6629 -4320
Puppis 7256 -4398 7486 -4329
Puppis 7284 -3709 8059 -4000
Puppis 7486 -4329 7284 -3709
Puppis 7729 -2895 8059 -4000
Puppis 7821 -2486 7729 -2895
Puppis 8059 -4000 7486 -4329
Puppis 8125 -2429 7821 -2486
Pyxis 8668 -3530 8726 -3318
Pyxis 8726 -3318 8841 -2771
Reticulum 3736 -6480 4240 -6246
Reticulum 3978 -6139 4014 -6216
Reticulum 4014 -6216 3736 -6480
Reticulum 4240 -6246 4275 -5929
Reticulum 4275 -5929 3978 -6139
Sculptor 23313 -3253 23815 -2813
Sculptor 23550 -3781 23313 -3253
Sculptor 23815 -2813 976 -2935
Scorpius 16004 -2261 15979 -2611
Scorpius 16004 -2261 16090 -1980
Scorpius 16004 -2261 16353 -2560
Scorpius 16353 -2560 16490 -2643
Scorpius 16490 -2643 16598 -2821
Scorpius 16598 -2821 16836 -3430
Scorpius 16836 -3430 16864 -3805
Scorpius 16864 -3805 16909 -4236
Scorpius 16909 -4236 17203 -4323
Scorpius 17203 -4323 17621 -4299
Scorpius 17560 -3710 17513 -3730
Scorpius 17621 -4299 17793 -4013
Scorpius 17708 -3903 17560 -3710
Scorpius 17793 -4013 17708 -3903
Scutum 18486 -1456 18586 -825
Scutum 18586 -825 18786 -474
Serpens 15579 1053 15738 643
Serpens 15738 643 15846 448
Serpens 15770 1541 15579 1053
Serpens 15811 1813 15693 1966
Serpens 15811 1813 15770 1541
Serpens 15811 1813 15855 2098
Serpens 15811 1813 15941 1566
Serpens 15826 -343 16238 -370
Serpens 15846 448 15826 -343
Serpens 17346 -1284 17173 -1571
Serpens 17626 -1540 17346 -1284
Serpens 17690 -1288 17626 -1540
Serpens 17983 -976 17690 -1288
Serpens 18354 -290 17983 -976
Serpens 18936 419 18354 -290
Sextans 10131 -36 10504 -63
Sextans 10491 -273 9874 -809
Sextans 10504 -63 10491 -273
Sextans 9874 -809 10131 -36
SGE 19789 1853 19668 1801
SGE 19789 1853 19683 1748
SGE 19980 1949 19789 1853
Sagittarius 18096 -3041 18403 -3438
Sagittarius 18350 -2983 18096 -3041
Sagittarius 18403 -3438 18350 -2983
Sagittarius 18403 -3438 19043 -2988
Sagittarius 18466 -2541 18350 -2983
Sagittarius 18761 -2698 18466 -2541
Sagittarius 18921 -2629 18761 -2698
Sagittarius 18921 -2629 19078 -2175
Sagittarius 19043 -2988 18761 -2698
Sagittarius 19043 -2988 19115 -2766
Sagittarius 19078 -2175 18961 -2110
Sagittarius 19078 -2175 19163 -2101
Sagittarius 19115 -2766 18921 -2629
Sagittarius 19163 -2101 19361 -1785
Sagittarius 19376 -4446 19398 -4061
Sagittarius 19398 -4061 19043 -2988
Taurus 3453 973 3413 903
Taurus 4011 1248 3453 973
Taurus 4329 1563 4011 1248
Taurus 4381 1755 4329 1563
Taurus 4425 1793 4381 1755
Taurus 4476 1596 4329 1563
Taurus 4476 1918 4425 1793
Taurus 4598 1651 4476 1596
Taurus 4703 2295 4476 1918
Taurus 5438 2860 4703 2295
Taurus 5626 2115 4598 1651
Telescopium 18450 -4596 18186 -4594
Telescopium 18480 -4906 18450 -4596
TriangulumAustrale 15314 -6868 16811 -6903
TriangulumAustrale 15611 -6631 15314 -6868
TriangulumAustrale 15918 -6343 15611 -6631
TriangulumAustrale 16811 -6903 15918 -6343
Triangulum 1885 2958 2158 3498
Triangulum 1885 2958 2288 3385
Triangulum 2158 3498 2288 3385
Tucana 22308 -6026 22455 -6496
Tucana 23289 -5823 22308 -6026
Tucana 23289 -5823 524 -6295
Tucana 23998 -6558 22455 -6496
Tucana 334 -6488 23998 -6558
Tucana 524 -6295 334 -6488
UrsaMajor 11030 5638 11061 6174
UrsaMajor 11061 6174 12256 5703
UrsaMajor 11061 6174 9525 6306
UrsaMajor 11161 4450 10371 4149
UrsaMajor 11308 3309 11303 3153
UrsaMajor 11766 4778 11161 4450
UrsaMajor 11766 4778 11308 3309
UrsaMajor 11896 5369 11030 5638
UrsaMajor 11896 5369 11766 4778
UrsaMajor 12256 5703 11896 5369
UrsaMajor 12900 5596 12256 5703
UrsaMajor 13398 5493 12900 5596
UrsaMajor 13791 4931 13398 5493
UrsaMajor 8986 4805 9548 5168
UrsaMajor 9525 6306 8505 6071
UrsaMajor 9548 5168 9868 5406
UrsaMajor 9850 5903 9525 6306
UrsaMajor 9868 5406 9850 5903
UrsaMinor 14844 7414 15344 7183
UrsaMinor 15344 7183 16291 7575
UrsaMinor 15735 7779 14844 7414
UrsaMinor 16291 7575 15735 7779
UrsaMinor 16766 8203 15735 7779
UrsaMinor 17536 8658 16766 8203
UrsaMinor 2530 8926 17536 8658
Vela 10779 -4941 9948 -5456
Vela 8158 -4734 9133 -4343
Vela 8744 -5469 8158 -4734
Vela 9133 -4343 9368 -5501
Vela 9133 -4343 9511 -4046
Vela 9368 -5501 8744 -5469
Vela 9948 -5456 9368 -5501
Virgo 12331 -66 11845 176
Virgo 12694 -145 12331 -66
Virgo 12694 -145 13420 -1116
Virgo 12926 340 12694 -145
Virgo 13036 1096 12926 340
Virgo 13166 1753 13198 2788
Virgo 13198 2788 12448 2826
Virgo 13420 -1116 14266 -599
Virgo 14026 154 13578 -60
Virgo 14266 -599 14718 -566
Virgo 14718 -566 14769 190
Virgo 14769 190 14026 154
Virgo 15463 2910 15578 2671
Virgo 15548 3136 15463 2910
Virgo 15578 2671 15711 2630
Virgo 15711 2630 15826 2606
Virgo 15826 2606 15960 2688
Virgo 15960 2688 16023 2985
Volans 7146 -7050 7279 -6794
Volans 7279 -6794 8428 -6613
Volans 7696 -7259 7146 -7050
Volans 8131 -6861 7696 -7259
Volans 8428 -6613 8131 -6861
Volans 9039 -6639 8428 -6613
Volans 9183 -5896 9285 -5928
Vulpecula 19478 2466 19269 2138
Vulpecula 19478 2466 19891 2408
